15992      95979.9     0           1           1
17509.22   97828.67    2.8         2           3
18168.81   97526.88    0           3           1
16577.5    97283       2.4         5           3
17869.2    98556.6     2           6           3
16784.2    97990.6     4           7           2
15652      97234.1     5.4         8           2
16186.5    98149.7     5           9           2
14828.5    97383.5     6.4         10          2
13744.3    97269.3     3           11          2
15268.9    97884.3     2.6         13          2
13483.72   96597.52    4.4         14          2
14966.46   97967.56    2.4         15          2
16732.6    97715.1     2.7         147         2
16830      97625       1.2         149         2
16566.2    97866.4     0           154         0
16646      97518       0           155         0
16341.3    97743.8     1           156         2
16379      98228       3.3         160         2
17655      98481       2.4         163         2
15128      97065       2           167         2
16123.4    97621       1.4         168         2
15697      97625       4.7         170         2
16133      97871       0           171         0
16343.5    97994.9     2.5         172         2
16569      98116       3.8         173         2
15896.2    97492.2     3.4         174         2
15479      97501       4.8         175         2
15273      97379       5           176         2
15044      97256.4     6.6         177         2
14826.9    97133.5     12          178         2
15415.3    97169.82    1.6         179         2
15046      97506       5.2         180         2
15264      97629       2.6         181         2
14831      97634       0           182         0
14611      97346       4.6         184         2
14606      96760       10          185         2
14609      97096       10.2        186         2
14402.04   96871.25    8.7         187         2
14156.3    96986       6.4         188         2
14177      97265       1.4         189         2
14177.8    96780.8     12          191         3
14397.9    97132.9     6.8         192         2
13957      96892       3.1         193         2
13739      96770       2           194         2
13956      96642.3     3.9         195         3
14387      96596       9.6         198         2
15703.34   97800.65    5.8         201         2
15500.6    97699.53    0           202         0
15718.97   97406.71    5.8         203         2
16889.98   98007.37    2           204         2
16499.9    97128.6     1.6         206         3
16432.24   98093.1     1.5         210         2
14906.9    96981.22    7.1         211         2
14688.37   96889.91    10.8        212         2
14534.41   96940.34    9.5         213         2
14415.07   97052.52    9.3         214         2
13728.16   97130.8     1.6         216         2
13737.76   97398.96    0           217         0
15816.18   97664.39    6.3         270         2
15568.76   97475.22    4.7         271         2
15706.34   97555.32    5.4         272         2
15571.53   97800.41    0.8         273         2
16922.75   97866.95    2.1         274         2
17030.06   97984.83    4.6         275         2
16786.49   98184.07    2           276         2
16400.47   98277.07    0           277         0
